— CLXIII —

PROVINCIALES ET PROCONSVLES

(vmvmzffl) Pnovmcmffls
provincialibus salutem dicunt- 8,11,2

edictum 7‚13,8. 9‚27‚6. 10, 10,13

coxquvu Pnovmcml: ArchE 11, 30, 15
— 12,5,2

Pnovmcuuzs Afm (Arma-AB) 10, 10,10
- 13,5,24 - 13,6,6

Pnovmcums Pnolecm PROCONSVLA-
ms 7,4,26 - 8,5,63 -11,1,29

Arm 8,4,2 - 9,34,5 - 11,7,4

noxonssl ET Pnolefflms AleCAE
9,4Ο,21

320 *Iam 31 (3,2, 1 - 4,12, 3 - 8,16,1-11,7,3
— Just. 6, 9, 9 - lust. 6, 23,15 - lust. 6,37, 21)

321 lul. 3 (16, 2,4)

326 Mart. 15 (2, 16, 1 - 3, 30, 3) - Apr. 1 (9, 24, 1)
ψ- 515129 (τις), 1) - Jun. 14(1ust.526,1> -
Dec. 31 (3, 17, 2)

329 Sept. 24 (lust. 1, 19, 3)

333 Sept. 27 (13, 3, 3)

334 Aug. 11 (lust. 6,21, 15)

342 Dec. 4 (9, 7, 3)

355 Oct. 31 (9, 34, 6)

356 Mart. 8 (9, 42, 2) —- Ap1·.2 (11, 16, 7)

357 Ian. 25 (9, 16, 4) —— *lum 13 (9,17, 4) — *Ἡρα 4
(9, 16, 5)

362 Febr. l (2, 29, 1)

363 Febr. 12 (9, 17, 5)

365 Oct. l (7, 4, 13)

369 Aug. 1 (14, 17, 5)

381 *Dee 26 (11, 1, 18)

383 Mart. 5 (13, 10, 8)

3951407 . . . . (lust. 11, 48, 11)

396 Apr. 26 (7, 18, 9)

397 Apr. 7 (14,10,2 - 14,11,1 — 14, 14,1 «κ
15, 12, 3)

415 Febr. 17 (3, 1, 9)

395 Iun. 15 (8, 8, 6)

315 Iun. 2 (2, 30, 1)

319 Mai. 30 (10, 1, 3)

325 Febr. 12 (15, 14, 2) - Sept. 17 (9, 1, 4)

331 Iul. 23 (lust. 3, 19, 2) —— Aug. 1 (2,26,3 -
3,30,4 - 4,5,1-11,30, 16 - 11,30, 17 -
11, 34,1 - *Iust. 3, 13, 4) —- Nov. 1 (l, 16, 6 —
1, 16, 7)

332 Oct. 30 (5, 17,1)

335 Mart. 22 (10, 10, 3)

340 Aug. 12 (7,9, 1)

352 Nov. 3 (15, 14, 5)

364 Nov. 17 (7, 20, 8)

365 Ian. 11 (8, 11, 2)

380 Ian. 29 (7, 13, 8) — Aug. 31 (10,10,13)

382 Mai. 10 (12, 12, 9)

386 Iun. 22 (9, 27, 6)

391 Iul. 1 (9, 14, 2)

406 Apr. 17 (7, 13, 16 - 7, 13, 17)

315 Mai. 10 (8, 4, 2)

320 Febr. 20 (12, 1, 7)

327 Mai. 18 (11, 7, 4)

329 Iul. 29 (11, 30, 15)

337 Mai. 21 (12, 5, 2)

338 Iun. 18 (9, 34,5)

365 Febr. 4 (10, 10, 10)

372 Apr. 7 (13, 6, 6)

395 Mai. 26 (13, 5, 24)

401 Mart. 31 (7, 4, 26 — 8, 5, 63 - 11,1,29)

