SEVERVS

BASSVS

fflLA Rl VS

SYMMACHVS

SALLVSTIVS

PINIANVS

ALBINVS

add. Romae 11, 30, 49. 12, 16, 1.
14, 4, 5. 15, 1,2·1’. 15, 2, 5. lust.

6‚1,8

ALYPIVS

BASILIVS

ANDROMACHVS

FLORENTINVS

FELIX

FLAVIANVS

DECIVS

SENATOR

HILABIVS

BONOSIANVS

PALMATvs

EPIPANIVS

ALBvas

GRACCHVS

PROBIANVS

—— CLXXXIII —-

382 Mart.2:') (12, 12, 8) - Apr. 1 (6, 6, 1 — 14, ⁴3, 4) ———
lun. 20 (14, 18, l) — Aug. 1 (8, 9, 2)

332 Nov. 22 (1,3, 3)
333 11111319 (5,1,3)

384 Nov. 29 (4, 17, 4 — 11, 30, 44)
385 Apr. 27 (1, G, 9)

386 Iun. 11 (14‚1‚‘2 — 14,3, 18)

386 Iul. 6 (6, 35, 13)
387 Ian. 22 (13, 3, 13) — Sept. 8 (G, 28, 4)

339 11111. 17 (13,5,13) - 1111. 25 (11,30, 49 - Just.
3, 1,3) - Aug.7 (2, 3, 19) - Aug. 13 (9, 13, 11 -
12,13, 1) - Aug. 13 (14, 4, 5) — Aug. 25 (14.4, 3)
- Aug. 23 (15. 2, 5)

390 11111133 (9, 10, 4) — Apr. 4 (15,1,2ῑ)

391 Febr. 24 (13,10, 10 [ffb

391 1111. 14 (14,2, 2)
395 11111135 (7,24, 1)

395 1111121 (15,14,9) - 144113 (15,14,11) - 11111125
(11, 30, 54) — 1un.4 (7,12, 3) - 11113 (2, 12, 3) -
1111. 14 (3, 3, 7)

401 11111. 25 (11,23, 3)

395 Sept. 14 (6, 2, 16) — 011315 (8,18, 7)

396 Febr. 18 (8, 5, 55) —- Apr. 18 (7, 21, 3) — Dec. 27
(11, 14, 2)

397 Febr. 15 (14, 4, 7) — Mart. 18 (14, 2, 3) —— Dee. 21
(6,14‚2 — 8, 7, 19 —— 12,1,153 — 121, 154 —
12,1, 155 —- 12, 1, 156 - 111333, 23,1) —- Dec. 26
(6, 2, 20)

....... (lust. 11, 17, 2)

393 Mart. 29 (3, 2, 21)
412 [393] Mart. 6 (16, 5, 53)

399 Iun. 6 (14, 10, 3)
400 Ian. 24 (13, 5, 29) — Mart. 5 (3, 31, 1) - Aug. 19
(11,3Ο, 61) — Nov. 8 (15, 2, 9)

402 Dec. 6 (Τ, 13, 15)
407 Febr. 22 (16, 5, 40)
408 Ian. 15 (14, 4, 8)

409 Sept. 25 (14,1,3)
411 13111123 (15,1,43)

412 Mart. 29 (14, 2, 4)

407 [412] 011315 (3, 23, 14)
412 011315 (3,13,1)
414 031127 (3, 24, 7)

414 Sept. 17 (13, 5, 33)
415 Iul. 25 (3, 7, 20)
413 Dec. 12 (14, 10, 4)

